NAME: bis(chlorophenyl)ethane (DDEt)
COMMENT: SpecLibExample, exogenous compounds in southern California sea lion blubber, Nathan G. Dodder and Eunha Hoh
Num Peaks: 84
50 180;
51 215;
52 54;
62 44;
63 245;
68 19;
72 44;
74 203;
75 388;
76 269;
77 395;
78 91;
80 23;
81 61;
82 167;
84 23;
85 61;
86 48;
88 102;
89 313;
90 37;
94 23;
95 81;
98 12;
99 18;
100 99;
101 108;
102 148;
103 450;
104 60;
107 93;
108 9;
110 57;
111 45;
112 56;
113 51;
114 49;
120 12;
122 23;
124 10;
125 32;
126 35;
127 19;
130 14;
137 67;
138 88;
139 154;
140 26;
147 8;
149 7;
150 7;
151 18;
153 21;
162 24;
163 160;
164 163;
165 951;
166 123;
167 9;
176 18;
177 15;
178 83;
179 82;
180 84;
181 6;
199 188;
200 139;
201 64;
202 42;
215 48;
217 38;
233 10;
234 11;
235 998;
236 129;
237 565;
238 103;
239 98;
240 8;
250 168;
251 41;
252 119;
253 19;
254 20;

NAME: bisphenol A
COMMENT: SpecLibExample, exogenous compounds in southern California sea lion blubber, Nathan G. Dodder and Eunha Hoh
Num Peaks: 97
50 107;
51 177;
52 32;
53 102;
54 6;
55 163;
57 25;
58 16;
61 16;
62 33;
63 167;
64 50;
65 442;
66 67;
70 10;
71 24;
72 6;
74 37;
75 49;
76 60;
77 254;
78 44;
79 66;
81 20;
82 25;
84 41;
87 13;
88 15;
89 67;
90 76;
91 531;
92 47;
93 11;
94 39;
95 43;
97 32;
99 150;
100 16;
101 17;
102 10;
103 21;
104 15;
105 47;
106 20;
107 140;
108 8;
113 9;
114 12;
115 100;
116 6;
118 14;
119 711;
120 68;
121 12;
122 6;
127 23;
128 21;
129 8;
131 9;
133 9;
134 6;
135 55;
139 21;
140 10;
141 28;
142 10;
144 10;
145 22;
151 14;
152 47;
153 18;
155 10;
157 13;
158 7;
164 7;
165 49;
166 18;
167 14;
168 13;
169 39;
170 12;
171 11;
177 18;
181 19;
183 14;
184 7;
185 10;
186 7;
195 31;
197 24;
198 21;
212 12;
213 999;
214 137;
215 15;
228 124;
229 20;

NAME: hexa chlorinated diphenyl ether (hexa-CDE) isomer 1
COMMENT: SpecLibExample, exogenous compounds in southern California sea lion blubber, Nathan G. Dodder and Eunha Hoh
Num Peaks: 219
50 136;
60 229;
61 537;
62 514;
66 12;
72 348;
73 869;
74 998;
75 138;
78 22;
83 149;
84 520;
85 506;
86 240;
87 100;
90 81;
92 16;
94 59;
95 67;
96 266;
97 772;
98 256;
99 243;
100 26;
101 19;
102 37;
103 28;
104 9;
106 36;
107 485;
108 697;
109 936;
110 305;
111 216;
112 31;
113 13;
114 20;
118 65;
119 102;
120 175;
121 207;
122 177;
123 60;
124 6;
125 20;
126 201;
127 179;
128 88;
131 131;
132 211;
133 95;
134 163;
135 69;
136 35;
137 6;
138 34;
139 13;
141 46;
142 36;
143 452;
144 377;
145 388;
146 259;
147 78;
148 25;
152 94;
153 130;
154 73;
155 28;
156 23;
157 26;
158 32;
160 34;
161 101;
162 266;
163 163;
164 78;
166 10;
167 328;
168 50;
169 363;
170 86;
171 201;
172 31;
173 78;
177 15;
178 16;
179 137;
180 75;
181 135;
182 117;
183 58;
184 49;
185 6;
188 8;
189 13;
190 8;
191 18;
192 13;
193 14;
194 7;
195 38;
196 18;
197 86;
198 46;
199 44;
200 14;
202 22;
203 29;
204 10;
205 50;
206 47;
207 54;
208 14;
209 7;
215 13;
216 46;
217 31;
218 70;
219 66;
220 42;
221 35;
226 10;
228 6;
229 7;
233 6;
234 16;
235 8;
236 6;
238 15;
239 281;
240 69;
241 111;
242 30;
243 104;
244 13;
245 24;
246 28;
248 14;
250 8;
252 109;
253 74;
254 140;
255 67;
256 36;
261 8;
269 10;
271 6;
274 8;
275 15;
276 11;
277 28;
278 11;
279 18;
286 8;
287 33;
288 66;
289 43;
290 63;
291 33;
292 29;
293 8;
303 48;
304 548;
305 173;
306 726;
307 162;
308 354;
309 101;
310 89;
311 41;
312 12;
313 28;
314 6;
315 11;
321 22;
323 80;
325 119;
326 165;
327 77;
328 66;
329 16;
330 9;
339 20;
340 33;
341 65;
342 27;
343 32;
344 13;
345 15;
356 12;
357 64;
358 95;
359 115;
360 112;
361 150;
362 94;
363 71;
364 38;
365 9;
373 15;
374 106;
375 58;
376 254;
377 66;
378 194;
379 39;
380 82;
381 15;
382 18;
391 53;
393 129;
395 132;
397 72;
398 91;
399 42;
400 34;
401 6;
402 8;

NAME: hexa chlorinated diphenyl ether (hexa-CDE) isomer 2
COMMENT: SpecLibExample, exogenous compounds in southern California sea lion blubber, Nathan G. Dodder and Eunha Hoh
Num Peaks: 113
50 240;
60 185;
61 561;
62 364;
63 536;
64 8;
72 273;
73 718;
74 954;
75 668;
83 88;
84 341;
85 228;
86 136;
87 66;
96 326;
97 191;
98 278;
100 8;
106 113;
107 246;
108 424;
109 998;
110 304;
111 233;
112 22;
118 95;
119 45;
120 135;
121 66;
131 264;
133 608;
134 36;
135 286;
136 19;
137 44;
138 21;
140 12;
142 36;
143 174;
145 262;
147 110;
148 19;
152 92;
153 142;
154 54;
163 94;
166 68;
167 31;
168 46;
171 45;
177 41;
178 54;
180 56;
201 227;
202 37;
203 230;
204 25;
205 146;
206 40;
208 8;
215 32;
229 22;
230 22;
231 51;
233 10;
236 6;
237 9;
241 124;
242 9;
243 99;
244 20;
245 20;
258 8;
266 8;
272 15;
274 14;
277 27;
280 6;
282 8;
284 6;
285 9;
286 10;
290 40;
300 7;
302 9;
303 48;
304 602;
305 159;
306 774;
307 183;
308 399;
309 73;
310 76;
311 43;
312 8;
313 34;
314 7;
315 22;
339 10;
340 25;
341 30;
342 20;
373 21;
374 162;
375 89;
376 340;
377 90;
378 282;
379 50;
380 109;
381 19;
382 21;

NAME: dichlorodiphenyldichloroethane (DDD) isomer 1
COMMENT: SpecLibExample, exogenous compounds in southern California sea lion blubber, Nathan G. Dodder and Eunha Hoh
Num Peaks: 82
50 255;
51 321;
52 38;
61 56;
62 111;
63 165;
73 113;
74 224;
75 478;
76 127;
77 60;
78 9;
82 219;
83 86;
84 31;
85 195;
86 67;
87 155;
88 242;
89 76;
90 9;
93 39;
94 11;
97 37;
98 69;
99 136;
100 121;
101 194;
102 144;
103 12;
104 8;
106 43;
110 24;
111 85;
112 17;
113 46;
114 44;
115 48;
122 22;
125 37;
126 41;
127 30;
136 89;
137 102;
138 41;
139 62;
140 12;
149 17;
150 44;
151 52;
152 43;
153 11;
160 10;
161 9;
162 21;
163 149;
164 156;
165 845;
166 144;
167 16;
172 14;
174 33;
175 39;
176 133;
177 71;
178 132;
179 20;
199 213;
200 135;
201 85;
202 59;
210 6;
212 87;
213 13;
214 30;
234 7;
235 998;
236 178;
237 643;
238 99;
239 94;
240 17;

NAME: dichlorodiphenyldichloroethane (DDD) isomer 2
COMMENT: SpecLibExample, exogenous compounds in southern California sea lion blubber, Nathan G. Dodder and Eunha Hoh
Num Peaks: 47
50 184;
51 168;
52 13;
61 11;
62 38;
63 60;
73 23;
74 51;
75 117;
76 13;
77 10;
81 13;
82 132;
87 11;
88 29;
89 8;
99 10;
100 29;
101 66;
102 26;
136 15;
137 22;
138 9;
139 11;
161 9;
162 20;
163 137;
164 142;
165 882;
166 131;
167 8;
172 10;
173 6;
174 13;
175 10;
176 25;
199 213;
200 136;
201 88;
202 46;
212 19;
235 999;
236 165;
237 730;
238 107;
239 121;
240 11;

NAME: dichlorodiphenyldichloroethylene (DDE)
COMMENT: SpecLibExample, exogenous compounds in southern California sea lion blubber, Nathan G. Dodder and Eunha Hoh
Num Peaks: 84
50 86;
51 74;
61 28;
62 40;
63 40;
73 32;
74 96;
75 123;
76 15;
86 33;
87 106;
88 61;
92 11;
93 8;
98 41;
99 50;
100 8;
101 7;
104 9;
105 146;
106 40;
108 8;
109 14;
110 22;
111 13;
122 57;
123 89;
124 31;
125 25;
126 11;
134 11;
135 22;
136 9;
137 21;
138 8;
140 19;
141 15;
147 7;
149 24;
150 34;
151 7;
160 10;
162 8;
163 12;
164 6;
170 32;
171 8;
172 26;
173 23;
174 122;
175 144;
176 432;
177 58;
184 7;
199 7;
209 10;
210 106;
211 41;
212 36;
213 13;
233 16;
235 9;
244 13;
245 37;
246 998;
247 184;
248 532;
249 80;
250 66;
251 9;
280 46;
281 75;
282 61;
283 76;
284 30;
285 26;
286 7;
316 169;
317 32;
318 232;
319 39;
320 112;
321 19;
322 26;

NAME: 1-chloro-2,2-bis(chlorophenyl)ethene (DDMU) isomer 1
COMMENT: SpecLibExample, exogenous compounds in southern California sea lion blubber, Nathan G. Dodder and Eunha Hoh
Num Peaks: 85
50 399;
51 568;
52 34;
60 18;
61 74;
62 209;
63 400;
65 149;
72 9;
73 116;
74 404;
75 509;
76 60;
79 353;
84 66;
85 220;
86 175;
87 81;
88 472;
89 53;
90 18;
92 86;
93 118;
97 156;
98 263;
99 152;
102 44;
105 362;
106 53;
107 322;
109 132;
110 97;
111 82;
112 28;
113 66;
114 17;
119 107;
121 49;
122 13;
123 189;
124 57;
125 55;
126 84;
133 54;
137 32;
138 44;
139 46;
146 67;
150 106;
151 158;
152 14;
160 52;
163 21;
165 51;
166 27;
170 13;
172 156;
173 18;
174 75;
175 29;
176 483;
177 125;
181 27;
182 20;
183 43;
184 12;
186 36;
198 9;
200 16;
210 16;
211 88;
212 999;
213 192;
214 336;
215 45;
246 47;
247 41;
248 47;
251 10;
281 9;
282 243;
283 27;
284 228;
285 23;
286 40;

NAME: 1-chloro-2,2-bis(chlorophenyl)ethene (DDMU) isomer 2
COMMENT: SpecLibExample, exogenous compounds in southern California sea lion blubber, Nathan G. Dodder and Eunha Hoh
Num Peaks: 71
50 103;
51 93;
52 6;
62 37;
63 50;
74 102;
75 244;
76 39;
86 26;
87 122;
88 300;
89 8;
92 8;
93 41;
94 12;
98 26;
99 65;
100 29;
101 59;
102 10;
105 130;
106 90;
107 6;
110 10;
111 29;
112 7;
113 19;
123 87;
124 55;
125 34;
126 14;
135 11;
136 61;
137 23;
138 31;
139 6;
149 28;
150 76;
151 65;
152 13;
160 7;
163 8;
170 6;
172 6;
173 14;
174 65;
175 97;
176 505;
177 156;
178 20;
186 10;
210 29;
211 80;
212 998;
213 187;
214 307;
215 45;
233 25;
235 18;
246 60;
247 170;
248 70;
249 107;
250 26;
251 18;
282 421;
283 71;
284 416;
285 66;
286 132;
287 17;

NAME: dichlorodiphenyltrichloroethane (DDT)
COMMENT: SpecLibExample, exogenous compounds in southern California sea lion blubber, Nathan G. Dodder and Eunha Hoh
Num Peaks: 72
50 56;
51 74;
63 65;
64 6;
75 115;
76 13;
82 66;
88 73;
89 10;
99 21;
105 68;
106 17;
115 9;
117 8;
123 19;
124 17;
125 10;
135 6;
136 68;
137 11;
138 32;
150 14;
151 19;
152 10;
160 7;
163 70;
164 91;
165 604;
166 79;
170 13;
171 21;
172 16;
173 22;
174 17;
175 22;
176 121;
177 38;
199 125;
200 82;
201 49;
202 27;
208 10;
210 14;
211 13;
212 109;
213 10;
214 25;
233 9;
234 8;
235 998;
236 144;
237 609;
238 83;
239 96;
240 8;
246 44;
247 21;
248 31;
249 10;
250 8;
281 11;
282 26;
283 18;
284 25;
285 13;
286 10;
317 8;
319 10;
325 18;
327 18;
354 8;
356 7;

NAME: dichlorobenzophenone (DBP)
COMMENT: SpecLibExample, exogenous compounds in southern California sea lion blubber, Nathan G. Dodder and Eunha Hoh
Num Peaks: 94
50 386;
51 163;
52 9;
53 26;
60 21;
61 83;
62 68;
63 48;
65 11;
68 7;
69 12;
72 16;
73 91;
74 301;
75 759;
76 171;
77 48;
78 9;
80 6;
84 45;
85 102;
86 53;
87 47;
91 17;
92 69;
93 57;
94 14;
96 10;
97 26;
98 59;
99 49;
100 7;
104 15;
108 10;
109 32;
110 113;
111 654;
112 72;
113 185;
114 13;
115 8;
120 7;
121 10;
122 23;
123 28;
124 9;
125 11;
127 19;
128 22;
129 13;
132 8;
135 7;
139 999;
140 83;
141 318;
142 31;
143 7;
145 14;
146 14;
147 16;
148 9;
149 39;
150 101;
151 34;
152 33;
166 6;
184 29;
185 41;
186 20;
187 12;
215 48;
216 6;
217 14;
220 133;
221 27;
222 81;
223 15;
224 15;
250 99;
251 14;
252 63;
253 9;
254 12;
255 53;
256 17;
257 49;
258 10;
259 13;
290 72;
291 14;
292 87;
293 12;
294 39;
296 9;

NAME: unknown (possible dicofol)
COMMENT: SpecLibExample, exogenous compounds in southern California sea lion blubber, Nathan G. Dodder and Eunha Hoh
Num Peaks: 61
50 112;
51 77;
52 6;
53 11;
61 14;
62 14;
63 29;
73 20;
74 55;
75 280;
76 72;
77 48;
85 23;
86 11;
87 18;
89 6;
93 12;
98 6;
99 12;
101 8;
104 18;
105 9;
107 26;
108 12;
110 8;
111 382;
112 47;
113 128;
114 17;
118 8;
119 13;
120 8;
125 6;
137 7;
138 7;
139 999;
140 81;
141 301;
142 24;
150 11;
151 16;
152 42;
153 7;
163 16;
164 8;
186 7;
187 9;
188 7;
199 9;
215 9;
222 17;
223 9;
224 13;
225 6;
237 7;
239 15;
251 144;
252 24;
253 91;
254 13;
255 15;

NAME: hexachlorocyclohexane (HCH)
COMMENT: SpecLibExample, exogenous compounds in southern California sea lion blubber, Nathan G. Dodder and Eunha Hoh
Num Peaks: 96
50 377;
51 519;
52 88;
60 51;
61 189;
62 71;
63 108;
64 8;
72 26;
73 329;
74 198;
75 334;
76 48;
77 308;
78 277;
83 263;
84 39;
85 331;
86 50;
87 257;
88 19;
89 51;
90 6;
92 6;
95 14;
96 114;
97 30;
98 67;
99 73;
100 21;
101 22;
107 22;
108 9;
109 998;
110 47;
111 819;
112 125;
113 198;
114 36;
115 8;
119 15;
120 6;
121 147;
122 87;
123 91;
124 51;
125 17;
126 8;
131 9;
133 68;
134 26;
135 68;
136 18;
137 21;
143 71;
144 13;
145 249;
146 201;
147 295;
148 130;
149 109;
150 25;
151 14;
155 7;
156 41;
157 32;
158 40;
159 25;
160 13;
161 7;
169 22;
171 22;
173 7;
180 15;
181 991;
182 97;
183 866;
184 72;
185 229;
186 19;
187 23;
216 38;
217 584;
218 91;
219 702;
220 73;
221 302;
222 25;
223 56;
252 43;
253 6;
254 69;
255 10;
256 43;
258 13;
290 7;

NAME: heptachlor epoxide
COMMENT: SpecLibExample, exogenous compounds in southern California sea lion blubber, Nathan G. Dodder and Eunha Hoh
Num Peaks: 175
50 147;
51 239;
52 42;
53 314;
60 70;
61 243;
62 116;
63 99;
64 13;
65 17;
72 57;
73 209;
74 120;
75 104;
81 999;
82 74;
84 98;
85 169;
86 102;
87 124;
88 11;
89 59;
90 23;
95 29;
96 72;
97 123;
98 60;
99 47;
100 23;
101 10;
102 18;
103 11;
106 19;
107 70;
108 76;
109 141;
110 58;
111 73;
113 23;
114 8;
115 22;
116 6;
117 41;
118 17;
119 46;
120 49;
121 48;
122 31;
123 113;
124 16;
125 68;
126 14;
127 22;
130 42;
131 26;
132 35;
133 42;
135 19;
136 9;
140 6;
141 69;
142 11;
143 77;
144 10;
145 40;
146 10;
147 63;
148 21;
151 50;
153 55;
155 25;
157 26;
159 14;
160 7;
165 26;
167 45;
168 19;
169 36;
170 29;
171 14;
172 12;
178 6;
179 9;
180 9;
181 38;
182 38;
183 73;
184 27;
185 20;
191 39;
192 7;
193 44;
194 12;
195 18;
196 7;
201 11;
202 8;
203 16;
204 28;
205 17;
206 22;
207 9;
208 8;
213 6;
214 13;
215 6;
216 23;
217 73;
218 30;
219 72;
220 22;
221 27;
222 12;
223 6;
226 8;
227 18;
228 13;
229 15;
230 9;
233 6;
235 68;
236 20;
237 104;
238 24;
239 73;
240 16;
241 34;
242 9;
243 7;
246 6;
247 7;
248 6;
249 8;
250 9;
251 59;
252 26;
253 70;
254 29;
255 46;
256 18;
257 17;
261 55;
262 7;
263 83;
264 9;
265 52;
266 6;
267 16;
270 15;
272 27;
274 26;
276 13;
279 6;
280 23;
281 16;
282 32;
283 13;
284 15;
287 11;
289 19;
291 13;
315 16;
317 30;
318 8;
319 19;
350 12;
351 102;
352 43;
353 201;
354 49;
355 152;
356 30;
357 64;
358 9;
359 12;

NAME: hepta chlorinated biphenyl (hepta-PCB)
COMMENT: SpecLibExample, exogenous compounds in southern California sea lion blubber, Nathan G. Dodder and Eunha Hoh
Num Peaks: 224
50 459;
51 252;
52 9;
60 314;
61 601;
62 287;
63 206;
64 18;
72 328;
73 937;
74 732;
75 463;
76 117;
78 87;
82 176;
83 60;
84 562;
85 682;
86 333;
87 273;
88 241;
89 44;
90 166;
91 259;
92 105;
94 32;
95 79;
96 319;
97 354;
98 458;
99 282;
100 97;
101 114;
102 59;
103 33;
104 40;
105 109;
106 179;
107 233;
108 726;
109 634;
110 518;
111 135;
112 37;
113 52;
114 47;
116 22;
118 103;
119 103;
120 295;
121 223;
122 354;
123 194;
124 81;
125 99;
126 506;
127 523;
128 128;
129 51;
130 21;
131 141;
132 369;
133 234;
134 170;
135 139;
136 113;
137 69;
138 45;
139 66;
140 46;
141 71;
142 70;
143 314;
144 451;
145 473;
146 465;
147 203;
148 78;
149 89;
151 31;
156 109;
157 114;
158 93;
159 65;
160 43;
161 492;
162 763;
163 528;
164 253;
165 477;
166 89;
167 54;
168 52;
169 82;
170 44;
171 13;
173 37;
174 101;
175 91;
176 244;
177 98;
178 185;
179 87;
180 146;
181 199;
182 296;
183 139;
184 129;
185 56;
187 13;
191 20;
192 83;
193 47;
194 40;
196 97;
197 188;
198 194;
199 206;
200 100;
201 89;
202 44;
203 49;
204 33;
205 44;
206 26;
207 12;
210 88;
211 23;
212 220;
213 75;
214 94;
215 60;
216 137;
217 230;
218 201;
219 164;
220 117;
221 34;
222 9;
226 19;
227 22;
228 31;
231 13;
232 7;
233 8;
235 513;
236 79;
237 324;
238 95;
239 82;
240 50;
241 16;
242 22;
243 22;
246 102;
247 49;
248 116;
249 33;
250 43;
251 56;
252 463;
253 153;
254 493;
255 108;
256 192;
257 19;
258 10;
259 14;
262 22;
264 26;
265 13;
272 13;
274 6;
275 10;
276 18;
277 15;
278 6;
281 25;
283 38;
284 75;
285 10;
286 82;
287 134;
288 179;
289 169;
290 155;
291 128;
292 118;
293 13;
294 32;
316 16;
318 11;
321 50;
322 523;
323 221;
324 838;
325 232;
326 518;
327 189;
328 184;
329 54;
330 9;
336 6;
347 7;
348 7;
357 74;
359 162;
361 159;
363 70;
364 49;
365 10;
391 83;
392 480;
393 259;
394 998;
395 339;
396 941;
397 251;
398 484;
399 106;
400 150;
401 28;
402 21;
403 6;

NAME: hexa brominated diphenyl ether (hexa-BDE)
COMMENT: SpecLibExample, exogenous compounds in southern California sea lion blubber, Nathan G. Dodder and Eunha Hoh
Num Peaks: 118
50 49;
53 53;
60 54;
61 367;
62 665;
63 54;
67 24;
68 42;
72 21;
73 260;
74 998;
75 74;
79 33;
80 8;
81 36;
84 6;
85 27;
86 40;
87 14;
90 14;
91 19;
93 9;
98 25;
104 7;
107 17;
108 20;
109 17;
110 44;
111 16;
115 9;
116 29;
117 27;
118 30;
119 11;
128 20;
130 13;
134 16;
135 34;
136 65;
137 8;
140 21;
141 180;
142 35;
143 189;
144 12;
147 12;
148 22;
149 11;
152 42;
153 118;
154 50;
155 110;
156 7;
161 8;
162 15;
163 10;
187 11;
188 14;
195 9;
197 22;
199 9;
215 53;
216 6;
217 48;
220 13;
221 6;
222 29;
224 11;
232 29;
233 9;
234 63;
235 8;
236 27;
240 10;
241 45;
242 66;
243 47;
244 10;
250 16;
252 6;
296 10;
298 7;
299 13;
300 9;
301 42;
302 10;
303 39;
305 10;
313 6;
324 20;
326 9;
374 8;
375 23;
376 12;
377 22;
378 6;
379 6;
403 7;
405 7;
480 22;
481 56;
482 88;
483 79;
484 120;
485 65;
486 79;
487 26;
488 17;
639 14;
640 18;
641 39;
642 43;
643 63;
644 51;
645 51;
646 34;
647 15;
648 11;

NAME: hexa chlorinated biphenyl (hexa-PCB)
COMMENT: SpecLibExample, exogenous compounds in southern California sea lion blubber, Nathan G. Dodder and Eunha Hoh
Num Peaks: 110
50 91;
51 37;
54 6;
60 9;
61 61;
62 39;
63 16;
72 16;
73 111;
74 96;
84 28;
85 18;
86 36;
90 6;
96 7;
97 18;
98 67;
99 16;
108 47;
109 164;
110 93;
111 18;
120 23;
121 30;
122 65;
123 25;
126 77;
127 80;
128 23;
132 28;
133 19;
134 13;
135 15;
143 9;
144 200;
145 231;
146 151;
147 79;
148 41;
149 7;
156 9;
157 10;
158 21;
161 20;
162 43;
163 37;
164 19;
167 8;
168 6;
169 12;
170 6;
179 22;
180 49;
181 56;
182 73;
183 64;
184 23;
185 15;
193 10;
194 6;
203 6;
204 7;
205 14;
206 11;
207 10;
215 11;
216 10;
217 31;
218 206;
219 50;
220 111;
221 21;
222 19;
228 11;
230 13;
240 6;
252 28;
253 45;
254 36;
255 47;
256 22;
257 17;
282 36;
284 37;
287 8;
288 442;
289 73;
290 477;
291 73;
292 187;
293 34;
294 35;
295 7;
323 30;
324 21;
325 47;
326 26;
327 37;
328 16;
329 13;
358 525;
359 75;
360 999;
361 130;
362 707;
363 88;
364 230;
365 30;
366 41;
367 6;

NAME: mirex
COMMENT: SpecLibExample, exogenous compounds in southern California sea lion blubber, Nathan G. Dodder and Eunha Hoh
Num Peaks: 135
54 13;
59 21;
60 182;
66 20;
71 150;
82 38;
83 82;
84 150;
89 12;
94 95;
95 346;
96 152;
97 95;
100 16;
101 18;
102 11;
106 113;
107 52;
108 100;
112 7;
113 10;
114 11;
117 269;
118 120;
119 371;
120 141;
121 128;
122 17;
130 238;
131 143;
132 125;
133 27;
134 22;
141 308;
142 108;
143 327;
145 64;
147 20;
148 13;
153 21;
154 65;
155 67;
156 47;
157 24;
158 11;
165 168;
166 169;
167 189;
168 85;
169 50;
177 11;
185 8;
188 9;
189 16;
190 81;
191 23;
192 45;
193 10;
200 12;
201 70;
202 57;
203 49;
204 12;
225 16;
226 10;
227 19;
228 9;
229 12;
234 11;
235 452;
236 95;
237 660;
238 116;
239 410;
240 59;
241 128;
242 12;
243 17;
260 41;
261 19;
262 58;
263 17;
264 28;
266 6;
269 28;
270 531;
271 111;
272 999;
273 126;
274 751;
275 83;
276 319;
277 21;
278 69;
283 12;
284 10;
285 14;
295 8;
297 12;
298 7;
299 8;
306 10;
308 18;
309 6;
310 16;
320 10;
330 45;
331 24;
332 94;
333 27;
334 71;
335 17;
336 31;
338 6;
353 13;
354 9;
355 46;
357 33;
359 34;
361 13;
366 6;
367 10;
368 7;
369 8;
370 8;
399 8;
400 8;
401 10;
402 25;
403 17;
404 28;
405 12;
406 20;
407 6;
408 7;

NAME: nonachlor
COMMENT: SpecLibExample, exogenous compounds in southern California sea lion blubber, Nathan G. Dodder and Eunha Hoh
Num Peaks: 131
50 32;
51 29;
60 23;
61 62;
62 33;
63 52;
64 15;
65 179;
66 11;
72 13;
73 107;
74 48;
75 50;
83 27;
84 32;
85 57;
86 27;
87 19;
95 10;
96 30;
97 59;
98 55;
99 113;
100 998;
101 89;
102 312;
103 26;
107 31;
108 31;
109 76;
110 13;
111 49;
113 10;
114 16;
115 24;
116 12;
117 40;
119 51;
120 31;
121 37;
122 19;
123 22;
124 8;
125 11;
130 22;
131 19;
132 41;
133 54;
134 49;
135 59;
136 28;
137 30;
138 12;
139 7;
141 24;
143 32;
145 24;
150 10;
151 8;
157 14;
158 7;
159 21;
160 24;
161 13;
162 8;
165 17;
167 24;
169 27;
170 10;
171 14;
181 9;
182 6;
183 10;
191 16;
193 20;
194 29;
195 22;
196 20;
197 11;
203 7;
204 11;
206 11;
217 9;
219 6;
228 14;
229 11;
230 29;
231 12;
232 20;
233 6;
234 6;
235 40;
237 60;
238 7;
239 40;
241 16;
253 8;
261 22;
263 33;
264 21;
265 26;
266 22;
267 13;
268 11;
270 12;
272 21;
274 17;
276 9;
298 11;
299 9;
300 21;
301 13;
302 16;
303 8;
304 6;
335 11;
336 6;
337 12;
339 6;
371 9;
372 6;
373 8;
405 26;
406 17;
407 65;
408 26;
409 70;
410 21;
411 44;
412 10;
413 17;

NAME: octa chlorinated biphenyl (octa-PCB)
COMMENT: SpecLibExample, exogenous compounds in southern California sea lion blubber, Nathan G. Dodder and Eunha Hoh
Num Peaks: 218
60 131;
61 226;
62 73;
66 22;
71 121;
72 227;
73 429;
74 165;
78 45;
83 82;
84 359;
85 281;
86 99;
87 13;
89 12;
90 213;
91 25;
94 30;
95 93;
96 193;
97 263;
98 100;
99 48;
101 7;
102 17;
106 35;
107 257;
108 615;
109 523;
110 189;
111 60;
112 15;
113 30;
114 22;
118 78;
119 110;
120 240;
121 152;
122 126;
123 16;
125 58;
126 90;
127 62;
130 32;
131 73;
132 269;
133 121;
134 105;
135 15;
137 9;
138 8;
139 11;
141 27;
142 94;
143 543;
144 697;
145 435;
146 277;
147 44;
148 18;
149 20;
150 17;
151 6;
152 20;
153 35;
154 47;
155 44;
156 116;
157 46;
158 39;
160 91;
161 147;
162 118;
163 79;
164 25;
165 17;
166 51;
167 104;
168 72;
169 105;
170 26;
171 46;
177 16;
178 387;
179 675;
180 637;
181 333;
182 114;
183 41;
184 13;
189 7;
190 21;
191 35;
192 57;
193 29;
194 32;
195 21;
196 45;
197 53;
198 32;
199 14;
201 9;
202 22;
203 24;
204 31;
205 25;
206 21;
207 67;
208 25;
209 16;
213 88;
214 200;
215 242;
216 349;
217 124;
218 155;
219 39;
220 23;
221 6;
226 31;
227 17;
228 33;
229 15;
230 9;
237 17;
239 43;
240 13;
241 43;
242 13;
243 23;
249 20;
250 75;
251 136;
252 89;
253 119;
254 46;
255 39;
256 13;
261 7;
262 12;
263 11;
264 16;
272 9;
273 10;
274 18;
275 17;
276 18;
277 10;
278 10;
285 38;
286 341;
287 112;
288 423;
289 109;
290 203;
291 44;
292 66;
293 13;
296 9;
298 14;
300 8;
303 10;
304 94;
305 28;
306 115;
307 31;
308 63;
309 12;
310 17;
311 6;
313 10;
320 18;
321 78;
322 42;
323 117;
325 81;
327 25;
339 6;
341 9;
343 6;
355 50;
356 366;
357 162;
358 675;
359 193;
360 507;
361 145;
362 209;
363 57;
364 52;
365 10;
366 8;
374 14;
375 13;
376 34;
377 14;
378 29;
379 7;
380 10;
391 44;
393 91;
395 96;
397 66;
399 22;
400 11;
425 45;
426 438;
427 165;
428 999;
429 252;
430 982;
431 208;
432 546;
433 116;
434 193;
435 36;
436 47;
437 7;

NAME: oxychlordane
COMMENT: SpecLibExample, exogenous compounds in southern California sea lion blubber, Nathan G. Dodder and Eunha Hoh
Num Peaks: 172
50 218;
51 856;
52 63;
60 165;
61 236;
62 95;
63 155;
71 93;
72 89;
73 240;
74 91;
75 50;
76 10;
79 73;
80 11;
83 173;
84 128;
85 311;
86 107;
87 362;
88 17;
89 120;
90 33;
94 26;
95 142;
96 109;
97 174;
98 79;
99 55;
100 6;
101 8;
102 12;
106 33;
107 137;
108 123;
109 178;
110 63;
111 64;
112 31;
113 6;
114 20;
115 999;
116 54;
117 385;
118 44;
119 120;
120 81;
121 196;
122 22;
123 52;
125 6;
126 9;
130 44;
131 30;
132 52;
133 60;
134 22;
135 13;
139 6;
141 64;
143 122;
144 29;
145 82;
146 7;
147 24;
149 533;
150 37;
151 333;
152 16;
153 26;
155 10;
157 38;
159 54;
161 14;
165 20;
167 52;
169 27;
170 6;
177 10;
179 16;
180 11;
181 71;
182 29;
183 46;
185 324;
186 10;
187 271;
188 18;
189 89;
191 64;
192 13;
193 57;
194 7;
195 21;
201 14;
202 7;
203 25;
204 48;
205 19;
206 41;
208 10;
215 19;
216 33;
217 48;
218 26;
219 30;
220 16;
221 11;
227 22;
228 14;
229 15;
235 90;
236 13;
237 138;
238 51;
239 105;
240 51;
241 16;
242 12;
243 18;
244 7;
250 13;
251 55;
252 20;
253 62;
255 37;
257 12;
259 6;
261 50;
262 8;
263 71;
264 10;
265 42;
267 7;
272 18;
273 32;
274 29;
275 47;
276 26;
277 31;
278 14;
279 12;
285 33;
286 23;
287 63;
288 31;
289 33;
290 17;
308 11;
309 7;
310 25;
311 10;
312 20;
313 11;
314 17;
315 12;
316 19;
318 9;
321 19;
322 8;
323 29;
325 26;
327 6;
349 7;
385 22;
386 18;
387 59;
388 24;
389 56;
390 16;
391 28;
393 7;

NAME: penta brominated diphenyl ether (penta-BDE) isomer 2
COMMENT: SpecLibExample, exogenous compounds in southern California sea lion blubber, Nathan G. Dodder and Eunha Hoh
Num Peaks: 132
50 129;
51 18;
53 55;
55 38;
60 42;
61 307;
62 586;
63 573;
64 35;
67 16;
68 64;
72 15;
73 229;
74 999;
75 490;
76 39;
77 6;
79 35;
80 19;
81 34;
82 22;
84 6;
85 26;
86 52;
87 74;
88 8;
90 8;
91 15;
93 9;
98 19;
99 9;
104 8;
106 8;
107 9;
108 45;
109 48;
110 36;
111 32;
112 6;
115 7;
116 35;
117 53;
118 35;
119 37;
122 23;
123 17;
128 25;
129 7;
130 24;
131 7;
134 7;
135 8;
136 27;
137 199;
138 25;
140 15;
141 131;
142 57;
143 132;
144 40;
148 17;
149 14;
152 31;
153 103;
154 92;
155 103;
156 62;
165 8;
170 20;
171 8;
172 18;
173 12;
195 8;
197 19;
199 7;
201 34;
202 94;
203 94;
204 33;
215 13;
216 23;
217 16;
218 23;
220 7;
221 34;
222 17;
223 60;
224 12;
225 28;
232 20;
233 12;
234 42;
235 18;
236 19;
237 6;
244 32;
245 6;
246 30;
250 7;
251 9;
295 31;
296 12;
297 58;
298 14;
299 35;
300 9;
301 22;
303 19;
323 11;
324 8;
325 24;
326 7;
327 11;
401 15;
402 72;
403 54;
404 205;
405 75;
406 194;
407 45;
408 63;
409 8;
560 8;
561 28;
562 41;
563 58;
564 73;
565 68;
566 67;
567 43;
568 31;
569 11;

NAME: penta brominated diphenyl ether (penta-BDE) isomer 1
COMMENT: SpecLibExample, exogenous compounds in southern California sea lion blubber, Nathan G. Dodder and Eunha Hoh
Num Peaks: 160
50 103;
51 8;
53 49;
60 19;
61 223;
62 612;
63 595;
64 33;
68 77;
73 160;
74 999;
75 623;
76 35;
86 41;
87 84;
88 9;
90 15;
98 9;
107 9;
108 62;
109 55;
110 31;
111 32;
112 11;
116 17;
117 36;
118 15;
119 29;
122 25;
123 28;
128 12;
130 22;
134 11;
135 13;
136 46;
137 514;
138 60;
140 18;
141 201;
142 81;
143 216;
144 59;
147 18;
148 44;
149 19;
150 8;
152 21;
153 110;
154 114;
155 111;
156 94;
157 6;
162 14;
163 8;
165 13;
170 36;
171 11;
172 29;
173 15;
175 7;
187 7;
188 10;
189 8;
191 11;
193 10;
195 26;
197 39;
199 18;
201 73;
202 214;
203 208;
204 74;
215 34;
216 98;
217 42;
218 96;
219 15;
220 26;
221 59;
222 58;
223 99;
224 37;
225 50;
232 29;
233 24;
234 61;
235 42;
236 32;
237 18;
242 9;
243 10;
244 56;
245 12;
246 49;
247 9;
248 16;
249 16;
250 34;
251 24;
252 20;
253 11;
282 9;
283 9;
294 11;
295 147;
296 44;
297 249;
298 58;
299 141;
300 34;
301 81;
302 23;
303 81;
304 14;
305 26;
313 8;
315 6;
322 10;
323 24;
324 21;
325 44;
326 23;
327 29;
328 25;
329 24;
330 25;
331 22;
332 12;
333 9;
374 7;
375 7;
376 10;
377 7;
401 18;
402 325;
403 91;
404 743;
405 146;
406 486;
407 84;
408 94;
409 14;
457 6;
483 9;
484 6;
485 10;
486 6;
487 6;
559 12;
560 81;
561 70;
562 371;
563 187;
564 633;
565 266;
566 492;
567 178;
568 171;
569 48;
570 23;

NAME: penta chlorinated biphenyl (penta-PCB)
COMMENT: SpecLibExample, exogenous compounds in southern California sea lion blubber, Nathan G. Dodder and Eunha Hoh
Num Peaks: 123
50 57;
51 19;
60 35;
61 153;
62 69;
63 8;
66 29;
72 41;
73 202;
74 300;
75 71;
78 19;
79 18;
84 90;
85 115;
86 111;
87 37;
90 7;
91 47;
92 224;
93 88;
95 8;
96 46;
97 97;
98 224;
99 98;
100 7;
107 32;
108 102;
109 420;
110 264;
111 71;
114 16;
115 8;
118 8;
119 10;
120 58;
121 64;
122 151;
123 129;
124 30;
126 28;
127 460;
128 390;
129 118;
130 15;
131 16;
132 43;
133 65;
134 35;
135 29;
143 10;
144 90;
145 121;
146 116;
147 121;
148 107;
149 147;
154 10;
156 10;
157 25;
158 42;
159 33;
160 14;
161 8;
162 68;
163 107;
164 73;
165 22;
166 7;
167 8;
168 17;
169 23;
170 13;
171 17;
172 8;
181 27;
182 47;
183 130;
184 570;
185 101;
186 168;
187 18;
193 12;
194 19;
195 8;
196 16;
204 15;
205 10;
206 16;
207 9;
208 6;
217 9;
218 111;
219 150;
221 80;
225 40;
226 7;
228 8;
230 7;
253 19;
254 884;
255 153;
256 778;
257 119;
258 216;
259 35;
260 23;
288 14;
289 362;
291 420;
293 181;
295 34;
323 7;
324 670;
325 101;
326 998;
327 133;
328 563;
329 74;
330 152;
331 20;
332 20;

NAME: phenanthrene
COMMENT: SpecLibExample, exogenous compounds in southern California sea lion blubber, Nathan G. Dodder and Eunha Hoh
Num Peaks: 65
50 106;
51 74;
52 41;
54 21;
61 36;
62 92;
63 164;
64 27;
65 28;
66 53;
73 24;
74 125;
75 163;
76 347;
77 58;
78 54;
80 50;
82 16;
85 22;
86 53;
87 85;
88 179;
89 192;
90 10;
92 27;
94 41;
98 52;
99 32;
100 23;
102 16;
104 7;
109 8;
110 24;
111 21;
113 13;
115 14;
121 11;
122 13;
126 28;
132 11;
135 15;
136 6;
139 33;
149 17;
150 101;
151 107;
152 177;
153 24;
158 15;
159 15;
160 32;
161 8;
167 6;
174 25;
175 29;
176 223;
177 137;
178 998;
179 151;
180 13;
184 25;
186 26;
187 56;
188 142;
189 15;

NAME: pyrene
COMMENT: SpecLibExample, exogenous compounds in southern California sea lion blubber, Nathan G. Dodder and Eunha Hoh
Num Peaks: 40
50 61;
51 29;
52 7;
61 23;
62 45;
63 61;
64 6;
74 105;
75 76;
86 40;
87 137;
88 156;
89 8;
98 59;
99 72;
100 315;
101 318;
102 10;
110 26;
111 16;
121 7;
122 19;
123 11;
124 6;
125 8;
135 6;
149 8;
150 34;
151 10;
152 8;
174 36;
175 18;
176 8;
198 38;
199 56;
200 255;
201 217;
202 999;
203 189;
204 16;

NAME: hepta chlorinated methyl bipyrrole (hepta-MBP)
COMMENT: SpecLibExample, exogenous compounds in southern California sea lion blubber, Nathan G. Dodder and Eunha Hoh
Num Peaks: 190
50 41;
51 87;
52 21;
54 6;
56 88;
57 999;
58 37;
60 22;
61 37;
62 142;
63 28;
64 33;
70 53;
71 610;
72 45;
73 96;
74 47;
75 65;
76 231;
78 54;
83 34;
84 69;
85 283;
86 63;
87 33;
88 16;
90 9;
94 10;
97 135;
98 51;
100 12;
106 165;
108 107;
110 38;
111 25;
112 56;
114 6;
118 149;
120 102;
122 13;
126 23;
127 10;
132 124;
133 8;
134 102;
136 20;
139 14;
140 43;
141 180;
142 10;
143 135;
144 30;
145 44;
146 32;
147 37;
148 8;
149 9;
153 42;
154 21;
155 69;
156 8;
157 24;
158 36;
159 14;
168 53;
169 24;
170 37;
172 9;
174 22;
175 44;
176 42;
177 31;
179 9;
182 26;
183 15;
184 8;
188 6;
190 8;
192 9;
193 14;
194 15;
195 11;
196 17;
197 15;
204 10;
205 11;
207 11;
208 23;
209 23;
210 32;
211 23;
212 10;
214 7;
216 9;
218 8;
220 7;
224 6;
225 10;
229 7;
238 15;
239 10;
240 17;
242 10;
243 13;
244 29;
245 18;
246 18;
247 10;
252 16;
253 23;
254 14;
255 16;
257 8;
264 25;
265 13;
266 36;
267 22;
268 19;
269 7;
272 6;
273 18;
274 16;
275 26;
276 15;
277 23;
278 33;
279 52;
280 50;
281 62;
282 41;
283 32;
284 15;
285 10;
287 7;
288 8;
289 10;
290 9;
292 6;
299 9;
300 6;
301 18;
302 7;
303 15;
305 7;
308 25;
309 6;
310 52;
311 9;
312 40;
313 68;
314 486;
315 163;
316 591;
317 165;
318 298;
319 87;
320 87;
321 28;
322 17;
323 8;
334 8;
335 6;
336 14;
337 6;
338 13;
339 7;
340 8;
349 307;
350 64;
351 589;
352 102;
353 454;
354 73;
355 177;
356 28;
357 41;
358 6;
371 15;
373 15;
375 9;
384 156;
385 22;
386 344;
387 48;
388 318;
389 41;
390 164;
391 20;
392 47;
394 8;

NAME: hexa chlorinated methyl bipyrrole (hexa-MBP) isomer 1
COMMENT: SpecLibExample, exogenous compounds in southern California sea lion blubber, Nathan G. Dodder and Eunha Hoh
Num Peaks: 198
50 144;
51 317;
52 114;
59 12;
60 91;
61 110;
62 325;
63 161;
64 95;
66 143;
71 350;
72 576;
73 218;
74 303;
75 156;
76 399;
78 106;
83 187;
84 191;
85 249;
86 234;
87 16;
88 25;
90 15;
92 33;
94 127;
96 81;
97 204;
98 539;
99 148;
100 272;
101 26;
102 35;
103 10;
106 266;
107 467;
108 231;
109 473;
110 198;
111 114;
112 123;
113 115;
114 31;
118 529;
119 60;
120 368;
121 94;
122 114;
123 92;
124 53;
127 84;
128 25;
132 77;
133 120;
134 122;
135 54;
136 96;
137 11;
138 59;
139 31;
140 74;
141 363;
142 55;
143 281;
144 73;
145 121;
146 66;
147 14;
148 68;
149 22;
150 11;
151 14;
153 172;
155 145;
156 9;
157 51;
158 7;
159 63;
160 28;
161 24;
162 12;
167 7;
168 88;
169 19;
170 61;
171 9;
172 12;
173 40;
174 74;
175 58;
176 37;
177 50;
178 35;
179 43;
180 22;
181 21;
182 39;
183 17;
184 38;
188 37;
190 23;
191 20;
192 26;
193 21;
194 19;
195 28;
196 12;
197 16;
202 26;
203 25;
204 66;
205 32;
206 49;
207 15;
208 19;
209 52;
210 89;
211 18;
216 7;
217 14;
218 38;
219 42;
220 47;
221 43;
222 18;
223 9;
224 10;
229 15;
230 30;
231 22;
232 28;
233 11;
238 26;
239 58;
240 42;
241 79;
242 26;
243 56;
244 116;
245 243;
246 139;
247 193;
248 69;
249 74;
250 23;
251 6;
252 19;
253 15;
254 21;
255 20;
256 20;
257 10;
258 6;
264 6;
265 27;
267 32;
269 17;
271 6;
274 20;
275 10;
276 36;
278 22;
279 179;
280 825;
281 359;
282 998;
283 272;
284 464;
285 110;
286 102;
287 21;
288 10;
289 7;
290 11;
292 8;
300 8;
302 10;
314 23;
315 269;
316 96;
317 426;
318 112;
319 269;
320 57;
321 81;
322 15;
323 9;
337 6;
349 10;
350 81;
351 28;
352 168;
353 33;
354 128;
355 21;
356 49;
357 6;
358 9;

NAME: hexa chlorinated methyl bipyrrole (hexa-MBP) isomer 2
COMMENT: SpecLibExample, exogenous compounds in southern California sea lion blubber, Nathan G. Dodder and Eunha Hoh
Num Peaks: 192
50 532;
51 267;
59 7;
60 147;
61 435;
62 247;
63 163;
66 21;
72 163;
73 534;
74 877;
75 451;
76 50;
78 11;
80 36;
84 355;
85 402;
86 365;
87 525;
90 22;
91 151;
92 137;
96 153;
97 203;
98 451;
99 372;
100 40;
101 19;
103 26;
104 224;
105 383;
106 115;
107 67;
108 292;
109 404;
110 390;
111 143;
112 15;
113 23;
114 18;
116 28;
117 42;
118 36;
119 40;
120 123;
121 141;
122 760;
123 505;
124 105;
125 88;
126 71;
127 112;
128 79;
129 49;
130 19;
131 66;
132 127;
133 166;
134 111;
135 167;
136 24;
137 67;
139 112;
140 249;
141 214;
142 92;
143 63;
144 155;
145 256;
146 196;
147 152;
148 100;
149 93;
156 36;
157 130;
158 146;
159 126;
160 84;
161 79;
162 96;
163 35;
169 68;
170 57;
171 46;
172 44;
173 92;
174 367;
175 248;
180 38;
181 68;
182 32;
183 103;
184 113;
185 43;
186 16;
187 7;
191 9;
192 28;
193 27;
194 24;
196 21;
197 23;
198 21;
203 20;
204 41;
205 15;
206 54;
207 13;
208 70;
209 73;
210 594;
211 118;
212 143;
213 21;
215 14;
216 10;
217 61;
218 137;
219 79;
220 139;
221 39;
222 14;
223 10;
226 9;
228 11;
231 19;
232 12;
233 18;
234 10;
242 9;
243 22;
244 135;
245 79;
246 93;
247 29;
248 30;
253 38;
254 56;
255 24;
256 45;
264 10;
267 14;
268 8;
269 13;
272 9;
277 10;
278 13;
279 60;
280 999;
281 215;
282 897;
283 182;
284 324;
285 48;
286 33;
287 25;
288 96;
289 28;
290 123;
291 62;
292 112;
294 27;
302 9;
314 27;
315 54;
316 64;
317 67;
318 39;
319 33;
320 10;
323 31;
324 64;
325 45;
326 69;
327 83;
328 27;
329 7;
339 7;
341 6;
349 27;
350 280;
351 96;
352 469;
353 115;
354 296;
355 58;
356 76;
357 30;
359 57;
361 60;
363 31;
364 32;

NAME: tetra brominated biphenyl (tetra-BB)
COMMENT: SpecLibExample, exogenous compounds in southern California sea lion blubber, Nathan G. Dodder and Eunha Hoh
Num Peaks: 91
50 294;
51 99;
52 13;
61 263;
62 298;
63 109;
73 124;
74 732;
75 919;
76 94;
80 14;
82 34;
85 105;
86 149;
87 127;
88 46;
90 10;
98 290;
99 253;
100 139;
101 19;
102 7;
105 35;
106 26;
110 76;
111 54;
112 14;
114 81;
115 81;
116 29;
118 7;
119 20;
122 91;
123 114;
124 119;
125 39;
130 13;
139 6;
142 12;
148 12;
149 197;
150 999;
151 147;
152 12;
153 7;
154 124;
155 202;
156 109;
157 24;
164 16;
176 35;
179 20;
180 12;
181 21;
194 23;
195 22;
196 12;
203 8;
212 16;
214 9;
228 19;
229 52;
230 34;
231 63;
232 6;
246 7;
249 6;
307 13;
308 122;
309 46;
310 247;
311 42;
312 116;
313 12;
386 11;
387 42;
388 47;
389 154;
390 65;
391 164;
392 43;
393 38;
466 13;
467 33;
468 55;
469 60;
470 89;
471 52;
472 50;
473 18;
474 9;

NAME: tetra brominated diphenyl ether (tetra-BDE)
COMMENT: SpecLibExample, exogenous compounds in southern California sea lion blubber, Nathan G. Dodder and Eunha Hoh
Num Peaks: 52
50 180;
51 25;
53 33;
60 9;
61 139;
62 414;
63 998;
64 60;
68 31;
73 89;
74 727;
75 839;
76 58;
86 21;
87 38;
88 25;
108 6;
109 16;
110 15;
116 9;
117 25;
118 9;
119 22;
128 6;
130 12;
137 100;
138 154;
141 6;
143 15;
154 73;
156 69;
166 19;
218 28;
220 23;
222 6;
224 9;
251 13;
296 6;
324 226;
325 46;
327 46;
405 7;
481 7;
482 88;
483 39;
484 308;
485 98;
486 359;
487 104;
488 157;
489 42;
490 23;

NAME: tetra chlorinated biphenyl (tetra-PCB)
COMMENT: SpecLibExample, exogenous compounds in southern California sea lion blubber, Nathan G. Dodder and Eunha Hoh
Num Peaks: 63
61 17;
73 40;
74 202;
75 151;
76 13;
85 34;
86 8;
87 58;
92 77;
98 101;
99 167;
100 25;
109 112;
110 475;
111 278;
112 23;
114 7;
121 17;
122 86;
123 93;
124 47;
125 17;
127 71;
128 15;
136 9;
145 27;
146 100;
147 23;
148 31;
150 503;
151 32;
160 12;
170 14;
172 9;
182 7;
183 19;
184 166;
185 198;
186 58;
187 32;
195 8;
196 9;
218 11;
220 999;
222 598;
223 56;
224 68;
254 13;
255 332;
256 68;
257 306;
258 47;
259 98;
260 7;
261 10;
290 665;
291 83;
292 800;
293 114;
294 336;
295 47;
296 53;
297 6;

NAME: unknown
COMMENT: SpecLibExample, exogenous compounds in southern California sea lion blubber, Nathan G. Dodder and Eunha Hoh
Num Peaks: 231
50 298;
60 284;
61 899;
62 416;
63 183;
66 50;
72 321;
73 872;
74 999;
75 338;
76 417;
78 158;
80 35;
84 953;
85 364;
86 424;
87 349;
88 122;
97 427;
98 783;
99 205;
100 109;
102 72;
106 258;
107 182;
108 473;
111 299;
112 141;
113 65;
114 45;
118 84;
119 260;
121 318;
122 400;
123 542;
124 283;
125 50;
131 118;
132 172;
133 321;
134 175;
135 184;
136 145;
138 160;
139 45;
140 6;
141 94;
143 264;
149 123;
151 22;
154 31;
158 123;
159 54;
160 135;
161 111;
163 322;
164 146;
165 133;
166 106;
167 78;
169 104;
170 85;
172 104;
174 225;
175 61;
176 94;
178 43;
180 162;
184 110;
186 37;
187 19;
188 20;
190 67;
195 49;
196 40;
197 94;
198 24;
199 45;
200 29;
201 47;
203 41;
207 33;
208 129;
209 148;
210 71;
211 50;
212 37;
213 29;
214 15;
215 23;
217 130;
221 95;
223 28;
224 19;
225 27;
226 16;
229 36;
230 73;
231 68;
232 27;
233 32;
237 67;
238 21;
239 36;
240 28;
241 38;
242 28;
243 16;
244 40;
245 37;
246 35;
247 28;
248 38;
249 13;
250 6;
251 44;
256 83;
260 29;
264 34;
265 20;
266 9;
267 18;
270 20;
274 35;
275 26;
276 42;
277 52;
278 35;
279 34;
280 27;
281 11;
282 33;
283 20;
284 18;
285 11;
286 28;
287 106;
289 234;
296 75;
297 10;
298 33;
300 9;
301 19;
302 30;
303 31;
305 30;
307 35;
308 7;
311 20;
312 30;
313 21;
314 25;
317 46;
318 74;
319 27;
320 36;
321 11;
328 240;
331 48;
332 46;
333 86;
334 45;
335 55;
336 28;
337 25;
338 14;
339 16;
340 36;
341 17;
342 27;
346 6;
349 45;
350 12;
352 10;
353 40;
355 15;
357 110;
359 145;
361 248;
363 203;
364 492;
365 160;
366 232;
367 22;
369 8;
370 11;
371 19;
373 17;
374 81;
375 46;
376 214;
377 75;
378 153;
379 44;
380 42;
382 18;
383 11;
384 12;
388 25;
389 77;
390 77;
391 278;
392 111;
393 310;
394 58;
395 194;
397 63;
398 12;
399 22;
400 15;
401 12;
409 8;
410 41;
411 42;
412 142;
413 64;
414 123;
415 23;
416 50;
434 11;
436 9;
444 29;
445 124;
446 103;
447 423;
448 175;
449 453;
450 93;
451 207;
452 43;
453 42;

NAME: tri brominated diphenyl ether (tri-BDE)
COMMENT: SpecLibExample, exogenous compounds in southern California sea lion blubber, Nathan G. Dodder and Eunha Hoh
Num Peaks: 85
50 571;
51 102;
53 72;
54 16;
56 37;
57 50;
61 148;
62 373;
63 999;
64 224;
65 46;
67 45;
69 102;
70 37;
71 38;
74 558;
75 852;
76 401;
77 32;
79 45;
80 12;
81 38;
82 19;
83 42;
86 31;
87 50;
88 26;
89 74;
92 63;
93 29;
100 14;
101 6;
104 7;
111 26;
112 15;
113 85;
114 16;
116 18;
117 66;
118 18;
119 67;
123 143;
124 135;
130 9;
135 9;
137 55;
138 101;
139 608;
140 88;
141 14;
142 39;
143 59;
153 17;
154 42;
155 79;
156 35;
157 53;
167 97;
168 14;
170 25;
172 24;
173 11;
175 11;
176 13;
217 7;
219 23;
221 35;
223 69;
224 6;
225 32;
245 11;
246 682;
247 112;
248 647;
249 105;
250 10;
251 14;
403 10;
404 42;
405 44;
406 134;
407 60;
408 134;
409 30;
410 41;

NAME: tri chlorinated biphenyl (tri-PCB)
COMMENT: SpecLibExample, exogenous compounds in southern California sea lion blubber, Nathan G. Dodder and Eunha Hoh
Num Peaks: 91
50 242;
51 38;
60 72;
61 325;
62 281;
63 87;
72 54;
73 376;
74 604;
75 500;
76 45;
84 177;
85 231;
86 261;
87 63;
88 19;
92 587;
93 135;
96 25;
97 273;
98 328;
99 47;
100 14;
104 32;
108 76;
109 99;
110 113;
111 128;
112 74;
113 19;
120 36;
121 45;
122 23;
123 107;
124 7;
127 63;
128 206;
129 50;
132 25;
133 39;
134 40;
135 127;
144 17;
145 157;
146 48;
147 224;
148 91;
149 998;
150 88;
151 100;
152 9;
157 7;
158 16;
159 84;
160 29;
161 23;
163 22;
165 11;
169 9;
170 28;
171 16;
172 21;
173 13;
174 7;
177 60;
178 11;
181 7;
183 20;
186 58;
187 75;
188 16;
191 18;
192 34;
193 25;
194 33;
204 6;
205 25;
206 11;
208 6;
219 54;
221 469;
223 102;
224 53;
225 23;
254 12;
256 26;
258 44;
260 31;
289 14;
291 46;
296 31;

NAME: tris(chlorophenyl)methane isomer 1
COMMENT: SpecLibExample, exogenous compounds in southern California sea lion blubber, Nathan G. Dodder and Eunha Hoh
Num Peaks: 141
50 309;
51 244;
52 17;
60 11;
61 57;
62 124;
63 300;
64 24;
65 17;
68 10;
69 8;
72 9;
73 123;
74 201;
75 474;
76 85;
77 85;
78 8;
79 35;
80 16;
81 46;
82 80;
83 7;
84 24;
85 68;
86 105;
87 151;
88 53;
89 89;
90 9;
93 14;
94 26;
97 31;
98 58;
99 118;
100 51;
101 48;
102 10;
105 10;
106 50;
107 43;
108 10;
109 14;
110 41;
111 73;
112 69;
113 91;
114 62;
115 44;
117 18;
118 97;
119 326;
120 383;
121 19;
122 19;
123 32;
124 12;
125 46;
126 32;
127 26;
133 7;
134 8;
135 11;
136 15;
137 91;
138 96;
139 71;
140 8;
147 7;
148 6;
149 41;
150 29;
151 25;
152 10;
155 7;
156 8;
160 8;
161 44;
162 92;
163 442;
164 362;
165 858;
166 122;
167 9;
173 23;
174 11;
175 12;
176 17;
185 7;
186 11;
187 34;
188 14;
189 13;
197 13;
198 34;
199 998;
200 232;
201 337;
202 78;
203 9;
211 21;
212 10;
213 31;
214 7;
215 6;
226 12;
233 60;
234 29;
235 192;
236 61;
237 186;
238 69;
239 300;
240 123;
241 115;
242 27;
253 11;
254 7;
273 13;
274 6;
275 107;
276 78;
277 55;
278 25;
279 6;
310 14;
311 594;
312 159;
313 397;
314 99;
315 73;
316 15;
324 8;
326 6;
345 10;
346 143;
347 47;
348 138;
349 36;
350 40;
351 7;

NAME: tris(chlorophenyl)methane isomer 2
COMMENT: SpecLibExample, exogenous compounds in southern California sea lion blubber, Nathan G. Dodder and Eunha Hoh
Num Peaks: 119
50 158;
51 132;
52 9;
61 21;
62 58;
63 161;
64 12;
73 63;
74 84;
75 225;
76 40;
77 43;
81 29;
82 42;
85 26;
86 45;
87 72;
88 26;
89 59;
90 6;
94 15;
97 13;
98 22;
99 66;
100 26;
101 28;
105 8;
106 26;
107 30;
110 15;
111 35;
112 31;
113 61;
114 40;
115 33;
117 11;
118 56;
119 187;
120 311;
121 18;
122 7;
123 15;
125 27;
126 17;
127 10;
136 10;
137 55;
138 73;
139 58;
140 6;
149 30;
150 11;
151 19;
152 11;
155 18;
156 16;
160 7;
161 22;
162 63;
163 408;
164 335;
165 999;
166 137;
167 9;
173 15;
174 10;
175 12;
176 14;
186 8;
187 19;
188 11;
189 14;
197 14;
198 35;
199 952;
200 225;
201 293;
202 67;
203 9;
211 10;
212 7;
213 20;
214 6;
215 7;
224 7;
226 15;
233 129;
234 105;
235 425;
236 130;
237 311;
238 83;
239 298;
240 115;
241 142;
242 30;
249 7;
273 13;
274 7;
275 87;
276 75;
277 47;
278 26;
279 9;
309 6;
311 640;
312 154;
313 452;
314 110;
315 80;
316 14;
345 21;
346 263;
347 82;
348 265;
349 58;
350 88;
351 14;
352 7;

NAME: dichlorophenylacetylene (DCPA) (tentative)
COMMENT: SpecLibExample, exogenous compounds in southern California sea lion blubber, Nathan G. Dodder and Eunha Hoh
Num Peaks: 72
50 248;
51 229;
60 32;
61 159;
62 170;
63 178;
64 20;
70 29;
73 165;
74 324;
75 462;
76 28;
84 28;
86 153;
87 286;
88 283;
92 76;
96 24;
98 202;
99 122;
100 49;
101 33;
102 18;
104 9;
105 96;
106 15;
110 73;
112 17;
114 11;
119 28;
122 83;
123 235;
124 129;
125 169;
126 54;
127 18;
130 16;
134 13;
135 33;
137 32;
138 45;
149 166;
150 210;
151 36;
158 14;
160 63;
161 13;
162 33;
163 24;
164 6;
172 13;
174 163;
175 227;
176 858;
177 144;
184 37;
185 29;
186 17;
187 7;
197 10;
210 39;
211 19;
212 23;
213 6;
220 15;
222 13;
245 9;
246 999;
247 175;
248 635;
250 94;
251 8;

NAME: mirex (Cl11) (tentative)
COMMENT: SpecLibExample, exogenous compounds in southern California sea lion blubber, Nathan G. Dodder and Eunha Hoh
Num Peaks: 211
59 37;
60 346;
61 260;
62 32;
66 43;
71 313;
72 222;
73 247;
75 16;
78 46;
82 73;
83 423;
84 352;
85 416;
94 151;
95 378;
96 464;
97 261;
98 67;
100 27;
101 38;
102 37;
106 81;
107 421;
108 368;
109 325;
113 115;
114 80;
115 44;
117 312;
118 174;
119 479;
120 309;
121 304;
122 62;
126 101;
130 268;
131 267;
132 260;
133 194;
134 80;
135 27;
136 8;
139 16;
141 446;
142 180;
143 523;
144 153;
145 227;
147 26;
148 116;
149 84;
150 96;
151 43;
153 53;
154 99;
155 104;
156 202;
157 52;
158 56;
159 31;
160 18;
161 83;
165 176;
166 167;
167 201;
168 138;
169 98;
171 25;
172 8;
177 19;
178 27;
179 57;
180 48;
181 43;
182 42;
183 59;
184 150;
185 115;
186 72;
187 19;
188 11;
190 53;
191 63;
192 20;
193 44;
195 38;
198 37;
200 30;
201 692;
202 114;
203 927;
204 121;
205 401;
206 44;
207 72;
213 13;
215 16;
216 18;
220 18;
225 18;
226 103;
227 26;
228 121;
229 15;
230 44;
231 19;
234 11;
235 425;
236 637;
237 724;
238 998;
239 521;
240 637;
241 179;
242 207;
243 22;
244 16;
249 28;
250 6;
251 51;
255 25;
260 11;
261 18;
262 35;
263 36;
264 32;
265 11;
266 10;
268 8;
269 35;
270 389;
271 102;
272 764;
273 132;
274 632;
275 84;
276 309;
277 29;
278 58;
279 9;
283 11;
286 34;
287 22;
288 27;
289 50;
293 6;
296 115;
298 192;
299 30;
300 113;
301 11;
302 38;
304 7;
307 12;
308 6;
309 6;
310 16;
311 6;
313 8;
319 40;
320 11;
321 84;
322 99;
326 72;
327 30;
328 47;
329 16;
330 35;
331 17;
332 33;
333 27;
334 31;
335 25;
336 12;
354 7;
355 16;
356 16;
357 63;
359 63;
360 34;
363 23;
364 29;
365 31;
366 46;
367 31;
368 84;
369 31;
370 77;
371 25;
372 44;
374 17;
375 6;
380 6;
393 42;
397 28;
398 70;
399 16;
400 32;
440 6;
470 8;
471 14;
472 32;
473 50;
474 48;
475 76;
476 52;
477 62;
478 29;
479 35;
480 12;

